000000109
000000207
000000305
000000403
000000501
000000610
000000708
000000806
000000904
000000a02
000000b11
000000c09
000000d07
000000e05
000000f03
000001008
000001106
000001204
000001302
000001411
000001509
000001607
000001705
000001803
000001901
000001a10
000001b08
000001c06
000001d04
000001e02
000001f11
000002005
000002103
000002201
000002310
000002408
000002506
000002604
000002702
000002811
000002909
000002a07
000002b05
000002c03
000002d01
000002e10
000002f08
000003002
000003111
000003209
000003307
000003405
000003503
000003601
000003710
000003808
000003906
000003a04
000003b02
000003c11
000003d09
000003e07
000003f05
000004010
000004108
000004206
000004304
000004402
000004511
000004609
000004707
000004805
000004903
000004a01
000004b10
000004c08
000004d06
000004e04
000004f02
000005007
000005105
000005203
000005301
000005410
000005508
000005606
000005704
000005802
000005911
000005a09
000005b07
000005c05
000005d03
000005e01
000005f10
000006004
000006102
000006211
000006309
